altas: 
	ventas: [3006, 3227, 3416, 4441, 3363, 3290, 3450, 4052, 4341, 3754, 4467, 4671, 4462, 4542, 3013, 4109, 3487, 4315, 4531, 4425, 3217, 4752, 3083, 4597, 4818, 3583, 3133, 4717, 4682, 4928, 4580, 3618, 4656, 4476, 4597, 4406, 3400, 3151, 3890, 4308, 4040, 3280, 4839, 4939, 3983, 4423, 3179, 3484]
	total: 193121
	promedio: 4023.3541666666665
bajas: 
	ventas: [910, 554, 715, 156, 425, 823, 171, 122, 169, 764, 989, 761, 932, 917, 857, 701, 749, 52]
	total: 10767
	promedio: 598.1666666666666
	medias: 
	ventas: [1388, 2644, 1534, 2071, 2987, 2200, 2598, 1880, 2568, 2868, 2798, 2773, 1212, 1909, 2243, 2248, 2039, 1353, 1843, 2997, 1799, 1387, 1063, 1524, 2865, 2607, 2692, 1862, 2899, 1566, 1659, 2401, 2913, 1472]
	total: 72862
	promedio: 2143.0